start=206.458333
volume=64.000000
sid=no
