start=6.799333
volume=60.000000
