start=127.933333
volume=74.000000
