start=1085.533333
speed=1.866030
volume=90.000000
