start=753.000000
speed=2.000000
volume=78.000000
