start=9192.480000
speed=2.000000
volume=74.000000
