start=294.544250
volume=58.000000
