start=354.166667
speed=2.000000
fullscreen=yes
