start=46.672000
volume=46.000000
