start=19.186000
volume=68.000000
aid=1
