start=408.907696
volume=44.000000
