start=18.708333
speed=2.000000
volume=68.000000
