start=3040.415000
volume=78.000000
