start=441.232000
volume=106.000000
fullscreen=yes
