start=2546.252000
volume=66.000000
sid=1
