start=1949.916597
volume=96.000000
fullscreen=yes
