start=156.448000
volume=100.000000
aid=1
