start=220.480000
speed=2.000000
