start=135.600000
speed=1.026316
volume=86.000000
