start=19.847833
volume=66.000000
