start=38.100000
volume=150.000000
