start=1169.983333
speed=2.000000
volume=100.000000
