start=2488.861375
volume=62.000000
fullscreen=yes
