start=10042.499133
volume=64.000000
