start=499.766000
speed=2.000000
volume=52.000000
