start=126.866667
speed=2.000000
volume=86.000000
sid=no
