start=102.602500
volume=56.000000
