start=172.589000
volume=56.000000
fullscreen=yes
