start=413.233333
speed=2.000000
