start=230.772208
speed=2.000000
volume=84.000000
