start=94.817000
speed=2.000000
volume=70.000000
