start=1201.783917
volume=58.000000
fullscreen=yes
