start=1157.239417
volume=70.000000
fullscreen=yes
