start=2510.216000
volume=62.000000
fullscreen=yes
sid=1
