start=2450.072625
volume=58.000000
fullscreen=yes
