start=391.000000
speed=2.000000
volume=88.000000
