start=522.166667
volume=106.000000
