start=212.966667
speed=2.000000
volume=52.000000
