start=551.284000
speed=1.502630
pause=yes
volume=74.000000
