start=2560.680000
volume=42.000000
