start=78.566667
speed=2.000000
volume=58.000000
