start=42.633333
volume=72.000000
