start=2452.200000
speed=2.000000
volume=76.000000
