start=83.125000
volume=70.000000
fullscreen=yes
