start=137.033333
speed=2.000000
volume=32.000000
