start=1188.620767
volume=48.000000
