start=3504.423000
volume=74.000000
fullscreen=yes
sid=1
