start=635.535000
volume=110.000000
