start=884.049833
pause=yes
volume=102.000000
