start=147.433333
speed=2.000000
