start=2778.008567
volume=66.000000
fullscreen=yes
