start=6.521667
volume=48.000000
