start=1397.920000
volume=62.000000
fullscreen=yes
