start=1418.542000
volume=70.000000
fullscreen=yes
