start=1293.058433
pause=yes
volume=92.000000
