start=1477.559417
volume=44.000000
fullscreen=yes
