start=24.065708
volume=54.000000
