start=1767.479976
volume=64.000000
fullscreen=yes
