start=4192.291667
volume=110.000000
fullscreen=yes
