start=779.866667
pause=yes
volume=52.000000
