start=1056.494327
volume=52.000000
