start=122.229000
volume=58.000000
aid=1
