start=58.433000
volume=58.000000
