start=599.933333
volume=102.000000
fullscreen=yes
