start=309.533333
speed=1.866030
volume=74.000000
sid=no
sub-ass-vsfilter-aspect-compat=no
