start=2640.600000
volume=66.000000
