start=72.291667
volume=32.000000
