start=1155.112292
volume=86.000000
fullscreen=yes
