start=2533.156000
volume=64.000000
fullscreen=yes
sid=1
