start=875.333333
pause=yes
volume=56.000000
