start=511.066667
speed=2.000000
volume=102.000000
