start=491.040550
speed=2.000000
volume=64.000000
