start=1255.120000
volume=42.000000
