start=1315.200000
speed=1.366027
volume=82.000000
fullscreen=yes
