start=478.911767
pause=yes
volume=100.000000
