start=1567.967566
volume=70.000000
