start=295.400000
speed=2.000000
