start=25.292000
volume=52.000000
sid=2
