start=2743.333000
pause=yes
volume=74.000000
fullscreen=yes
aid=4
sid=2
