start=375.942000
speed=1.502630
volume=84.000000
sid=no
