start=3824.278792
volume=52.000000
fullscreen=yes
