start=1692.120000
volume=58.000000
