start=2384.507125
volume=48.000000
fullscreen=yes
