start=1177.733333
pause=yes
volume=100.000000
