start=15000.200000
speed=2.000000
volume=84.000000
