start=37.584066
volume=60.000000
