start=450.550000
speed=1.502630
volume=84.000000
fullscreen=yes
sid=no
