start=2343.200000
volume=58.000000
fullscreen=yes
