start=1369.243000
volume=60.000000
fullscreen=yes
sid=2
