start=1735.442042
volume=72.000000
fullscreen=yes
