start=1639.597931
volume=38.000000
