start=422.800000
speed=2.000000
volume=72.000000
fullscreen=yes
saturation=5
