start=2696.357411
volume=100.000000
