start=124.333333
speed=4.000000
