start=2881.958000
pause=yes
volume=84.000000
aid=2
sid=2
