start=3756.368000
volume=150.000000
