start=141.880000
speed=2.000000
