start=127.167000
speed=2.000000
fullscreen=yes
