start=4927.560000
speed=2.000000
pause=yes
