start=51.066667
speed=1.210000
volume=58.000000
