start=1119.700000
speed=1.610510
volume=60.000000
sid=no
