start=519.019000
speed=2.052632
volume=56.000000
