start=29.929900
volume=110.000000
