start=840.533333
speed=2.000000
volume=74.000000
