start=597.666667
speed=2.000000
pause=yes
volume=88.000000
fullscreen=yes
