start=501.200000
volume=66.000000
panscan=0.100000
