start=297.900000
speed=2.000000
