start=1349.834000
pause=yes
volume=88.000000
