start=2617.865000
volume=60.000000
fullscreen=yes
sid=1
