start=1268.840000
volume=38.000000
saturation=9
