start=52.800000
speed=2.000000
pause=yes
volume=62.000000
