start=863.933898
volume=76.000000
fullscreen=yes
