start=1238.333333
speed=1.652893
pause=yes
volume=72.000000
