start=798.320000
volume=42.000000
fullscreen=yes
