start=424.000000
volume=82.000000
