start=105.083000
volume=86.000000
aid=2
