start=142.842700
speed=2.000000
volume=62.000000
