start=89.590000
volume=54.000000
