start=677.160000
volume=66.000000
