start=4258.586000
pause=yes
volume=46.000000
saturation=10
