start=273.273000
speed=1.610510
volume=72.000000
