start=239.322422
volume=60.000000
