start=1049.720000
pause=yes
volume=54.000000
