start=372.550000
speed=2.420000
