start=1970.680000
volume=40.000000
saturation=8
