start=973.733333
speed=2.000000
volume=94.000000
