start=504.437000
speed=1.502630
volume=56.000000
