start=11437.200000
speed=2.000000
volume=72.000000
