start=2878.625000
volume=84.000000
fullscreen=yes
aid=2
sid=9
