start=362.111044
volume=76.000000
