start=621.583008
pause=yes
volume=100.000000
