start=2510.800000
volume=140.000000
fullscreen=yes
