start=497.100000
speed=1.890625
volume=56.000000
