start=1458.924133
volume=64.000000
sid=no
