start=178.044533
speed=2.000000
volume=98.000000
