start=122.566667
speed=2.000000
