start=14.366667
volume=150.000000
