start=598.264333
pause=yes
volume=98.000000
