start=888.565714
speed=1.502630
volume=70.000000
