start=358.108000
volume=66.000000
aid=1
sid=2
