start=726.266667
volume=56.000000
