start=1531.173000
volume=84.000000
