start=1191.500850
volume=72.000000
fullscreen=yes
