start=266.000710
pause=yes
volume=94.000000
