start=69.269200
volume=72.000000
fullscreen=yes
