start=735.200000
speed=1.331000
volume=44.000000
