start=38.414000
volume=76.000000
