start=1007.873000
volume=90.000000
