start=1096.333333
volume=106.000000
