start=280.383000
speed=2.000000
volume=60.000000
