start=2236.359125
volume=54.000000
fullscreen=yes
