start=645.269625
speed=2.000000
volume=70.000000
fullscreen=yes
