start=2681.297965
speed=2.000000
volume=74.000000
