start=598.531267
speed=1.464100
volume=62.000000
